Warning: no access to tty (Bad file descriptor).
Thus no job control in this shell.
34
35
36
37
38
39
40
41
52
73
89
102
103
104
105
106
107
108
120
138
149
150
151
152
173
174
175
176
177
178
192
193
194
195
196
197
198
210
245
246
247
248
249
250
255
256
257
258
259
260
261
262
263
337
352
362
363
364
365
366
367
389
398
399
400
446
447
448
449
450
451
452
453
471
483
493
495
496
497
513
514
515
516
517
518
519
520
521
535
574
575
576
577
578
579
592
593
594
595
596
597
598
599
600
616
617
618
619
635
636
637
638
639
640
641
642
643
653
663
685
686
687
688
689
690
723
724
725
726
727
728
729
730
769
784
853
855
856
857
858
859
860
861
907
917
918
919
920
921
922
923
947
969
970
971
972
973
974
975
1008
1028
1042
1051
1052
1053
1054
1055
1071
1072
1073
1074
1075
1076
1077
1078
1088
1102
1126
1133
1134
1135
1136
1137
1138
1156
1157
1158
1159
1160
1161
1162
1163
1164
1176
1216
1242
1243
1244
1245
1246
1247
1248
1249
1273
1274
1275
1276
1277
1278
1279
1291
1301
1302
1303
1375
1376
1379
1408
1410
1411
1412
1413
1414
1415
1416
1450
1451
1452
1453
1454
1455
1456
1457
1472
1473
1474
1475
1476
1477
1478
1479
1491
1492
1493
1495
1496
1497
1498
1523
1524
1525
1526
1527
1528
1529
1530
1546
1547
1548
1549
1550
1551
1552
1553
1567
1568
1569
1570
1571
1572
1573
1574
1586
1587
1588
1589
1590
1591
1592
1593
1633
1634
1635
1636
1655
1658
1662
1663
1664
1692
1696
1697
1698
1699
1706
1707
1708
1709
1722
1723
1727
1728
1729
1739
1762
1771
1772
1773
1774
1775
1787
1794
1795
1805
1806
1811
1812
1813
1814
1815
1822
1823
1832
1833
1834
1835
1843
1844
1845
1851
1852
1853
1854
1855
1859
1870
1871
1872
1873
1874
1880
1882
1883
1887
1888
1889
1890
1899
1900
1902
1905
1909
1910
1925
1929
1930
1931
1936
1937
1940
1949
1968
1972
1973
1978
1981
1988
2000
2005
2006
2007
2008
2009
2010
2011
2012
2013
2017
2021
2023
2024
2028
2029
2030
2031
2032
2033
2034
2035
2036
2037
2038
2039
2041
2052
2056
2057
2058
2059
2060
2061
2067
2071
2072
2073
2074
2075
2076
2083
2084
2089
2090
2091
2092
2093
2094
2118
2128
2139
2143
2144
2150
2151
2153
2156
2160
2161
2162
2212
2213
2214
2215
2220
2222
2223
2232
2233
2234
2246
2247
2248
2252
2255
2256
2257
2264
2267
2269
2273
2279
2308
2309
2310
2311
2312
2313
2318
2321
2322
2326
2342
2343
2344
2345
2357
2358
2359
2360
2361
2362
2363
2364
2370
2372
2373
2374
2379
2380
2381
2382
2383
2384
2385
2386
2387
2388
2393
2394
2395
2398
2399
2400
2403
2442
2443
2444
2445
2449
2450
2451
2452
2462
2463
2464
2465
2470
2471
2472
2473
2479
2480
2484
2487
2490
2491
2492
2502
2503
2504
2505
2513
2514
2518
2521
2522
2523
2533
2538
2541
2542
2543
2548
2549
2559
2560
2561
2562
2563
2565
2566
2567
2570
2571
2572
2576
2580
2585
2586
2587
2588
2590
2591
2593
2595
2596
2597
2598
2601
2602
2603
2604
2610
2619
2620
2623
2624
2625
2630
2631
2634
2638
2639
2640
2641
2645
2665
2667
2669
2673
2676
2680
2681
2682
2683
2684
2688
2714
2739
2740
2741
2742
2752
2753
2758
2761
2762
2763
2764
2773
2774
2779
2782
2783
2784
2785
2786
2793
2794
2799
2804
2805
2806
2811
2812
2815
2818
2819
2842
2843
2846
2847
2848
2860
2861
2863
2865
2866
2867
2872
2881
2882
2885
2886
2887
2895
2900
2905
2906
2909
2911
2915
2926
2927
2930
2932
2936
2937
2938
2946
2947
2951
2953
2957
2958
2959
2972
2973
2974
2977
2980
2983
2984
2985
2999
3001
3002
3003
3004
3005
3006
3007
3010
3033
3034
3043
3044
3045
3046
3047
3048
3049
3050
3052
3063
3071
3072
3073
3074
3075
3076
3077
3078
3079
3080
3081
3084
3089
3093
3095
3096
3102
3104
3105
3106
3107
3110
3111
3112
3115
3116
3117
3118
3119
3120
3121
3122
3123
3124
3133
3134
3135
3136
3137
3138
3139
3140
3146
3147
3148
3149
3150
3151
3152
3163
3164
3167
3168
3169
3170
3171
3201
3202
3203
3206
3207
3212
3213
3214
3215
3216
3217
3219
3230
3242
3243
3244
3245
3246
3251
3266
3267
3268
3270
3271
3275
3276
3280
3281
3282
3283
3287
3290
3291
3292
3293
3294
3299
3300
3301
3302
3303
3308
3309
3311
3313
3314
3315
3316
3319
3320
3321
3323
3324
3325
3326
3327
3332
3333
3334
3337
3338
3339
3342
3343
3355
3356
3357
3367
3368
3373
3376
3386
3388
3397
3398
3419
3420
3422
3423
3424
3425
3427
3428
3429
3443
3444
3445
3446
3448
3449
3450
3451
3452
3453
3460
3461
3462
3463
3466
3467
3468
3469
3471
3474
3475
3491
3494
3495
3496
3499
3501
3502
3516
3544
3545
3559
3560
3562
3583
3584
3586
3587
3608
3609
3614
3617
3618
3619
3620
3626
3628
3629
3641
3644
3645
3646
3647
3656
3658
3659
3665
3667
3668
3669
3670
3680
3683
3684
3694
3697
3698
3699
3700
3709
3712
3713
3718
3722
3723
3724
3731
3736
3739
3740
3741
3742
3743
3748
3753
3756
3757
3758
3762
3767
3768
3769
3772
3777
3778
3789
3790
3791
3792
3793
3801
3802
3803
3804
3809
3820
3821
3822
3823
3824
3825
3835
3837
3838
3839
3840
3841
3852
3853
3855
3856
3857
3865
3871
3872
3873
3874
3875
3876
3883
3884
3896
3899
3900
3903
3904
3920
3921
3922
3931
3932
3933
3954
3955
3956
3959
3960
3961
3962
3965
3966
3967
3982
3983
3984
3985
3986
3993
3994
3995
3998
3999
4000
4001
4002
4003
4004
4005
4006
4007
4009
4016
4018
4019
4033
4034
4035
Real: 828
Fake: 173
Total: 1001
0.884
Most Informative Features
        contains(pastor) = True           reliab : fake   =     25.3 : 1.0
        contains(prayer) = True           reliab : fake   =     19.2 : 1.0
     contains(defending) = True           reliab : fake   =     15.2 : 1.0
   contains(persecution) = True           reliab : fake   =     15.2 : 1.0
         contains(faith) = True           reliab : fake   =     11.0 : 1.0
        contains(church) = True           reliab : fake   =      9.9 : 1.0
        contains(beaten) = True           reliab : fake   =      9.1 : 1.0
      contains(biblical) = True           reliab : fake   =      9.1 : 1.0
     contains(sponsored) = True           reliab : fake   =      8.4 : 1.0
          contains(oral) = True           reliab : fake   =      8.4 : 1.0
    contains(strengthen) = True           reliab : fake   =      8.4 : 1.0
     contains(prevented) = True           reliab : fake   =      8.4 : 1.0
        contains(dubbed) = True           reliab : fake   =      8.4 : 1.0
       contains(ranging) = True           reliab : fake   =      8.4 : 1.0
        contains(permit) = True           reliab : fake   =      8.4 : 1.0
       contains(opinion) = True           reliab : fake   =      8.0 : 1.0
   contains(allegations) = True           reliab : fake   =      8.0 : 1.0
  contains(conservative) = True           reliab : fake   =      7.8 : 1.0
   contains(communities) = True           reliab : fake   =      7.3 : 1.0
      contains(daughter) = True           reliab : fake   =      7.3 : 1.0
     contains(lifestyle) = True           reliab : fake   =      7.1 : 1.0
       contains(attacks) = True           reliab : fake   =      6.8 : 1.0
      contains(district) = True           reliab : fake   =      6.5 : 1.0
        contains(dozens) = True           reliab : fake   =      6.5 : 1.0
         contains(spoke) = True           reliab : fake   =      6.5 : 1.0
     contains(followers) = True           reliab : fake   =      6.5 : 1.0
     contains(surprised) = True           reliab : fake   =      6.5 : 1.0
          contains(male) = True           reliab : fake   =      6.2 : 1.0
         contains(serve) = True           reliab : fake   =      5.8 : 1.0
         contains(civil) = True           reliab : fake   =      5.7 : 1.0
       contains(teaches) = True           reliab : fake   =      5.1 : 1.0
     contains(powerless) = True           reliab : fake   =      5.1 : 1.0
     contains(attending) = True           reliab : fake   =      5.1 : 1.0
          contains(bore) = True           reliab : fake   =      5.1 : 1.0
      contains(lawmaker) = True           reliab : fake   =      5.1 : 1.0
    contains(reputation) = True           reliab : fake   =      5.1 : 1.0
        contains(fabric) = True           reliab : fake   =      5.1 : 1.0
        contains(healed) = True           reliab : fake   =      5.1 : 1.0
        contains(walked) = True           reliab : fake   =      5.1 : 1.0
        contains(united) = True           reliab : fake   =      5.1 : 1.0
      contains(bacteria) = True           reliab : fake   =      5.1 : 1.0
      contains(suffered) = True           reliab : fake   =      5.1 : 1.0
       contains(convert) = True           reliab : fake   =      5.1 : 1.0
     contains(supporter) = True           reliab : fake   =      5.1 : 1.0
      contains(adjusted) = True           reliab : fake   =      5.1 : 1.0
     contains(celebrate) = True           reliab : fake   =      5.1 : 1.0
         contains(alive) = True           reliab : fake   =      5.1 : 1.0
      contains(asserted) = True           reliab : fake   =      5.1 : 1.0
    contains(challenges) = True           reliab : fake   =      5.1 : 1.0
    contains(progressed) = True           reliab : fake   =      5.1 : 1.0
0:20.12 309736
